


                                 --~:| HLS BOX v.0.3 |:~--

+.READING USER DEFINED INTIAL VALUES FROM: ModelLib/gui/tmp/GUI_INIT.tmp...........................+
| Date: 2018-04-01 -> Julian Day: 91                                                               |
| ENV values from INOUT/HYDE/PC_2018-04-01/input/env180401.dat:                                    |
|   :........TEMPK will be read from column: 2                                                     |
|   :........PRESSURE will be read from column: 3                                                  |
|   :........REL_HUMIDITY will be read from column: 4                                              |
|   :........CONDENS_SINK will be read from column: 9                                              |
|   :........SW_RADIATION will be read from column: 5                                              |
|   :........H2SO4 will be read from column: 7                                                     |
|   :........NH3 will be read from column: 8                                                       |
|   :........SO2 will be read from column: 14                                                      |
|   :........NO will be read from column: 12                                                       |
|   :........NO2 will be read from column: 11                                                      |
|   :........CO will be read from column: 10                                                       |
|   :........O3 will be read from column: 13                                                       |
| MCM values from INOUT/HYDE/PC_2018-04-01/input/voc180401.dat:                                    |
|   :........CH3OH will be read from column: 2                                                     |
|   :........C2H5OH will be read from column: 5                                                    |
|   :........CH3CHO will be read from column: 4                                                    |
|   :........BENZENE will be read from column: 11                                                  |
|   :........TOLUENE will be read from column: 14                                                  |
|   :........C5H8 will be read from column: 8                                                      |
|   :........CH3COCH3 will be read from column: 6                                                  |
|   :........MEK will be read from column: 10                                                      |
|   :........APINENE will be read from column: 15                                                  |
|   :........BPINENE will be read from column: 15                                                  |
|   :........LIMONENE will be read from column: 15                                                 |
|   :........CH3CO2H will be read from column: 7                                                   |
|   :........CARENE will be read from column: 15                                                   |
| Filling input matrices...                                                                        |
|   :........First row omitted from file "INOUT/HYDE/PC_2018-04-01/input/env180401.dat".           |
| Done filling input matrices...                                                                   |
| Filling input matrices...                                                                        |
| Done filling input matrices...                                                                   |
|   :........Reading DMPS files /home/pecl/04-MALTE/dMalte/Malte_in/Box/April2018/filled_dmps/dm180|01.sum
+..................................................................................................+
| Reading Vapour name file ModelLib/Vapour_names.dat                                               |
| Reading Vapour prop file ModelLib/Vapour_properties.dat                                          |
|   :........Vapours available = 1175                                                              |
|   :........Vapour bins + H2SO4 = 1176                                                            |
| Reading O_C file ModelLib/O_C.dat                                                                |
+.Checking input validity..........................................................................+
| - Converting temperature from degrees C -> K.                                                    |
| - Converting pressure from hPa (mbar) to Pascals.                                                |
| - Converting NH3 from ppt                                                                        |
| - Converting DMA from ppq                                                                        |
| - Converting SO2 from ppb                                                                        |
| - Converting NO from ppb                                                                         |
| - Converting NO2 from ppb                                                                        |
| - Converting CO from ppb                                                                         |
| - Converting O3 from ppb                                                                         |
| - Converting CH3OH from ppb                                                                      |
| - Converting C2H5OH from ppb                                                                     |
| - Converting HCHO from ppt                                                                       |
| - Converting CH3CHO from ppb                                                                     |
| - Converting CH4 from ppm                                                                        |
| - Converting BENZENE from ppb                                                                    |
| - Converting TOLUENE from ppb                                                                    |
| - Converting C5H8 from ppb                                                                       |
| - Converting CH3COCH3 from ppb                                                                   |
| - Converting MEK from ppb                                                                        |
| - Converting APINENE from ppb                                                                    |
| - Converting BPINENE from ppb                                                                    |
| - Converting LIMONENE from ppb                                                                   |
| - Converting CH3CO2H from ppb                                                                    |
| - Converting CARENE from ppb                                                                     |
| - Adding a constant to ION_PROD_RATE, [in #/cm3]: 3.000E+00                                      |
| - Multiplying DMA with: 0.000E+00                                                                |
| - Adding a constant to HCHO, [in ppt]: 4.000E-01                                                 |
| - Adding a constant to CH4, [in ppm]: 1.950E+00                                                  |
| - Multiplying APINENE with: 5.100E-01                                                            |
| - Multiplying BPINENE with: 1.200E-01                                                            |
| - Multiplying LIMONENE with: 9.000E-02                                                           |
| - Multiplying CARENE with: 2.800E-01                                                             |
+..................................................................................................+
+.Checking against KPP for chemicals...............................................................+
| Found H2SO4 from chemistry                                                                       |
| WARNING: A compound which does not exist in chemistry but could be used elsewhere: NH3 ~~~~~~~~~~+
|   :........In INITFILE; &NML_MODS (col) <- input from file.                                      |
| Found SO2 from chemistry                                                                         |
| Found NO from chemistry                                                                          |
| Found NO2 from chemistry                                                                         |
| Found CO from chemistry                                                                          |
| Found O3 from chemistry                                                                          |
| Found CH3OH from chemistry                                                                       |
| Found C2H5OH from chemistry                                                                      |
| Found HCHO from chemistry                                                                        |
| Found CH3CHO from chemistry                                                                      |
| Found CH4 from chemistry                                                                         |
| Found BENZENE from chemistry                                                                     |
| Found TOLUENE from chemistry                                                                     |
| Found C5H8 from chemistry                                                                        |
| Found CH3COCH3 from chemistry                                                                    |
| Found MEK from chemistry                                                                         |
| Found APINENE from chemistry                                                                     |
| Found BPINENE from chemistry                                                                     |
| Found LIMONENE from chemistry                                                                    |
| Found CH3CO2H from chemistry                                                                     |
| Found CARENE from chemistry                                                                      |
+..................................................................................................+
| Using dmps_special. Lower bins replaced from 0 to 0, upper bins from 30 to 100                   |
+..................................................................................................+

+.INITIALIZING OUTPUT .............................................................................+
|   :........Description for run:                                                                  |
|     works                                                                                        |
+.PREPARING OUTPUT FILES...........................................................................+
|   :........NetCDF version: 4.6.0 of Feb  9 2018 19:21:24 $                                       |
|   :........Create files to: INOUT/HYDE/PC_2018-04-01/A1SP                                        |
+..................................................................................................+
 
+.Beginning simulation.............................................................................+

+.Time: 00:00:00 ..................................................................................+
|   :........DMA IGNORED                                                                           |
|   :........Reading in background particles                                                       |
CS SA:    1.430E-29
| ACID C:    1.754E+05 [1/cm3]    sum(An)/A1 1.294E-05 []                                          |
| Temp:      2.702E+02 [K]        Pressure:  9.911E+04 [Pa]     Air_conc 2.656E+19 [1/cm3]         |
| NH3 C:     5.312E+07 [1/cm3]    J_NH3: 2.732E-21 [1/cm3]      sum(Nn)/N1 2.526E-07 []            |
| DMA C:     0.000E+00 [1/cm3]    J_DMA: 0.000E+00 [1/cm3]                                         |
| Jion neutr 3.342E-24 [1/s/cm3]  Jion neg: 1.695E-21 [1/s/cm3] Jion pos: 1.033E-21 [1/s/cm3]      |
| C-sink:    0.000E+00 [1/s]      IPR: 3.000E+00 [1/s/cm3]                                         |
+..................................................................................................+

+.Time: 00:05:00 ..................................................................................+
|   :........DMA IGNORED                                                                           |
CS SA:    1.255E-17
| ACID C:    1.808E+05 [1/cm3]    sum(An)/A1 7.406E-04 []                                          |
| Temp:      2.704E+02 [K]        Pressure:  9.911E+04 [Pa]     Air_conc 2.655E+19 [1/cm3]         |
| NH3 C:     5.310E+07 [1/cm3]    J_NH3: 5.489E-10 [1/cm3]      sum(Nn)/N1 2.910E-05 []            |
| DMA C:     0.000E+00 [1/cm3]    J_DMA: 0.000E+00 [1/cm3]                                         |
| Jion neutr 1.235E-10 [1/s/cm3]  Jion neg: 7.317E-11 [1/s/cm3] Jion pos: 3.523E-10 [1/s/cm3]      |
| C-sink:    0.000E+00 [1/s]      IPR: 3.000E+00 [1/s/cm3]                                         |
| Elapsed time (m:s) 0:01 Est. time to finish (m:s) 6:30        Realtime/Modeltime: 220.74         |
+..................................................................................................+

+.Time: 00:10:00 ..................................................................................+
|   :........DMA IGNORED                                                                           |
|   :........Reading in background particles                                                       |
CS SA:    3.515E-03
| ACID C:    1.862E+05 [1/cm3]    sum(An)/A1 1.988E-03 []                                          |
| Temp:      2.706E+02 [K]        Pressure:  9.912E+04 [Pa]     Air_conc 2.654E+19 [1/cm3]         |
| NH3 C:     5.307E+07 [1/cm3]    J_NH3: 6.473E-08 [1/cm3]      sum(Nn)/N1 4.395E-05 []            |
| DMA C:     0.000E+00 [1/cm3]    J_DMA: 0.000E+00 [1/cm3]                                         |
| Jion neutr 1.657E-08 [1/s/cm3]  Jion neg: 5.078E-09 [1/s/cm3] Jion pos: 4.308E-08 [1/s/cm3]      |
| C-sink:    0.000E+00 [1/s]      IPR: 3.000E+00 [1/s/cm3]                                         |
| Elapsed time (m:s) 0:02 Est. time to finish (m:s) 5:30        Realtime/Modeltime: 259.71         |
+..................................................................................................+
 saaaaaaaaaaaaaaaaaaaaaaaaaaaaaaaaaaaaaaaaa         100   5.2359877727222775E-016   2.7092802933072773E-172
 saaaaaaaaaaaaaaaaaaaaaaaaaaaaaaaaaaaaaaaaa         100   5.2359877728924249E-016   7.4868567760174170E-171
 saaaaaaaaaaaaaaaaaaaaaaaaaaaaaaaaaaaaaaaaa         100   5.2359877730622499E-016   1.0752266089648064E-169
 saaaaaaaaaaaaaaaaaaaaaaaaaaaaaaaaaaaaaaaaa         100   5.2359877732317790E-016   1.0684923337117405E-168
 saaaaaaaaaaaaaaaaaaaaaaaaaaaaaaaaaaaaaaaaa         100   5.2359877734010370E-016   8.2544456186942167E-168

+.Time: 00:15:00 ..................................................................................+
|   :........DMA IGNORED                                                                           |
CS SA:    3.518E-03
 saaaaaaaaaaaaaaaaaaaaaaaaaaaaaaaaaaaaaaaaa         100   5.2359877735700465E-016   5.2812862409443841E-167
| ACID C:    1.916E+05 [1/cm3]    sum(An)/A1 3.079E-03 []                                          |
| Temp:      2.707E+02 [K]        Pressure:  9.912E+04 [Pa]     Air_conc 2.652E+19 [1/cm3]         |
| NH3 C:     5.304E+07 [1/cm3]    J_NH3: 6.877E-07 [1/cm3]      sum(Nn)/N1 4.966E-05 []            |
| DMA C:     0.000E+00 [1/cm3]    J_DMA: 0.000E+00 [1/cm3]                                         |
| Jion neutr 2.008E-07 [1/s/cm3]  Jion neg: 6.238E-08 [1/s/cm3] Jion pos: 4.245E-07 [1/s/cm3]      |
| C-sink:    0.000E+00 [1/s]      IPR: 3.000E+00 [1/s/cm3]                                         |
| Elapsed time (m:s) 0:03 Est. time to finish (m:s) 6:19        Realtime/Modeltime: 225.16         |
+..................................................................................................+
 saaaaaaaaaaaaaaaaaaaaaaaaaaaaaaaaaaaaaaaaa         100   5.2359877737388302E-016   2.9117414396540743E-166
 saaaaaaaaaaaaaaaaaaaaaaaaaaaaaaaaaaaaaaaaa         100   5.2359877739074059E-016   1.4213179029857649E-165
 saaaaaaaaaaaaaaaaaaaaaaaaaaaaaaaaaaaaaaaaa         100   5.2359877740757922E-016   6.2642439449934309E-165
 saaaaaaaaaaaaaaaaaaaaaaaaaaaaaaaaaaaaaaaaa         100   5.2359877742440069E-016   2.5299387990698440E-164
 saaaaaaaaaaaaaaaaaaaaaaaaaaaaaaaaaaaaaaaaa         100   5.2359877744120639E-016   9.4715284680382000E-164
 saaaaaaaaaaaaaaaaaaaaaaaaaaaaaaaaaaaaaaaaa         100   5.2359877745799778E-016   3.3173825853322978E-163
 saaaaaaaaaaaaaaaaaaaaaaaaaaaaaaaaaaaaaaaaa         100   5.2359877747477626E-016   1.0951986309939950E-162
 saaaaaaaaaaaaaaaaaaaaaaaaaaaaaaaaaaaaaaaaa         100   5.2359877749154321E-016   3.4293316858119367E-162
 saaaaaaaaaaaaaaaaaaaaaaaaaaaaaaaaaaaaaaaaa         100   5.2359877750829960E-016   1.0237902441183565E-161
 saaaaaaaaaaaaaaaaaaaaaaaaaaaaaaaaaaaaaaaaa         100   5.2359877752504672E-016   2.9270014040205160E-161
 saaaaaaaaaaaaaaaaaaaaaaaaaaaaaaaaaaaaaaaaa         100   5.2359877754178546E-016   8.0444923710318892E-161
 saaaaaaaaaaaaaaaaaaaaaaaaaaaaaaaaaaaaaaaaa         100   5.2359877755851700E-016   2.1324082488238211E-160
 saaaaaaaaaaaaaaaaaaaaaaaaaaaaaaaaaaaaaaaaa         100   5.2359877757524214E-016   5.4674969695140461E-160
 saaaaaaaaaaaaaaaaaaaaaaaaaaaaaaaaaaaaaaaaa         100   5.2359877759196175E-016   1.3594167932052083E-159
 saaaaaaaaaaaaaaaaaaaaaaaaaaaaaaaaaaaaaaaaa         100   5.2359877760867663E-016   3.2849985429117059E-159
 saaaaaaaaaaaaaaaaaaaaaaaaaaaaaaaaaaaaaaaaa         100   5.2359877762538766E-016   7.7303908434904856E-159
 saaaaaaaaaaaaaaaaaaaaaaaaaaaaaaaaaaaaaaaaa         100   5.2359877764209553E-016   1.7747006601166640E-158
 saaaaaaaaaaaaaaaaaaaaaaaaaaaaaaaaaaaaaaaaa         100   5.2359877765880104E-016   3.9810818470718120E-158
 saaaaaaaaaaaaaaaaaaaaaaaaaaaaaaaaaaaaaaaaa         100   5.2359877767550468E-016   8.7388914909566965E-158
 saaaaaaaaaaaaaaaaaaaaaaaaaaaaaaaaaaaaaaaaa         100   5.2359877769220713E-016   1.8795701230602126E-157
 saaaaaaaaaaaaaaaaaaaaaaaaaaaaaaaaaaaaaaaaa         100   5.2359877770890909E-016   3.9657341311502341E-157
 saaaaaaaaaaaaaaaaaaaaaaaaaaaaaaaaaaaaaaaaa         100   5.2359877772561106E-016   8.2171640206651541E-157
 saaaaaaaaaaaaaaaaaaaaaaaaaaaaaaaaaaaaaaaaa         100   5.2359877774231361E-016   1.6737240706278386E-156
 saaaaaaaaaaaaaaaaaaaaaaaaaaaaaaaaaaaaaaaaa         100   5.2359877775901724E-016   3.3543158563097212E-156
 saaaaaaaaaaaaaaaaaaaaaaaaaaaaaaaaaaaaaaaaa         100   5.2359877777572246E-016   6.6198045064995316E-156
 saaaaaaaaaaaaaaaaaaaaaaaaaaaaaaaaaaaaaaaaa         100   5.2359877779242974E-016   1.2874847323980700E-155
 saaaaaaaaaaaaaaaaaaaaaaaaaaaaaaaaaaaaaaaaa         100   5.2359877780913949E-016   2.4694710577173320E-155
 saaaaaaaaaaaaaaaaaaaaaaaaaaaaaaaaaaaaaaaaa         100   5.2359877782585220E-016   4.6743055107506341E-155
 saaaaaaaaaaaaaaaaaaaaaaaaaaaaaaaaaaaaaaaaa         100   5.2359877784256826E-016   8.7366978535940151E-155

+.Time: 00:20:00 ..................................................................................+
|   :........DMA IGNORED                                                                           |
|   :........Reading in background particles                                                       |
CS SA:    3.631E-03
| ACID C:    1.970E+05 [1/cm3]    sum(An)/A1 3.974E-03 []                                          |
| Temp:      2.708E+02 [K]        Pressure:  9.912E+04 [Pa]     Air_conc 2.651E+19 [1/cm3]         |
| NH3 C:     5.302E+07 [1/cm3]    J_NH3: 2.738E-06 [1/cm3]      sum(Nn)/N1 5.232E-05 []            |
| DMA C:     0.000E+00 [1/cm3]    J_DMA: 0.000E+00 [1/cm3]                                         |
| Jion neutr 9.176E-07 [1/s/cm3]  Jion neg: 2.857E-07 [1/s/cm3] Jion pos: 1.535E-06 [1/s/cm3]      |
| C-sink:    0.000E+00 [1/s]      IPR: 3.000E+00 [1/s/cm3]                                         |
| Elapsed time (m:s) 0:05 Est. time to finish (m:s) 5:58        Realtime/Modeltime: 237.90         |
+..................................................................................................+
 saaaaaaaaaaaaaaaaaaaaaaaaaaaaaaaaaaaaaaaaa         100   5.2359877806476829E-016   7.4663688257564705E-161
 saaaaaaaaaaaaaaaaaaaaaaaaaaaaaaaaaaaaaaaaa         100   5.2359877807987527E-016   1.8472804676140082E-159
 saaaaaaaaaaaaaaaaaaaaaaaaaaaaaaaaaaaaaaaaa         100   5.2359877809503866E-016   2.3814991512376465E-158
 saaaaaaaaaaaaaaaaaaaaaaaaaaaaaaaaaaaaaaaaa         100   5.2359877811025687E-016   2.1296412638598226E-157
 saaaaaaaaaaaaaaaaaaaaaaaaaaaaaaaaaaaaaaaaa         100   5.2359877812552853E-016   1.4839213416245256E-156
 saaaaaaaaaaaaaaaaaaaaaaaaaaaaaaaaaaaaaaaaa         100   5.2359877814085205E-016   8.5821523876276137E-156

+.Time: 00:25:00 ..................................................................................+
|   :........DMA IGNORED                                                                           |
CS SA:    3.630E-03
 saaaaaaaaaaaaaaaaaaaaaaaaaaaaaaaaaaaaaaaaa         100   5.2359877815622636E-016   4.2858447745242834E-155
| ACID C:    2.024E+05 [1/cm3]    sum(An)/A1 4.741E-03 []                                          |
| Temp:      2.707E+02 [K]        Pressure:  9.911E+04 [Pa]     Air_conc 2.652E+19 [1/cm3]         |
| NH3 C:     5.303E+07 [1/cm3]    J_NH3: 6.861E-06 [1/cm3]      sum(Nn)/N1 5.416E-05 []            |
| DMA C:     0.000E+00 [1/cm3]    J_DMA: 0.000E+00 [1/cm3]                                         |
| Jion neutr 2.584E-06 [1/s/cm3]  Jion neg: 7.785E-07 [1/s/cm3] Jion pos: 3.498E-06 [1/s/cm3]      |
| C-sink:    0.000E+00 [1/s]      IPR: 3.000E+00 [1/s/cm3]                                         |
| Elapsed time (m:s) 0:06 Est. time to finish (m:s) 6:31        Realtime/Modeltime: 217.06         |
+..................................................................................................+
 saaaaaaaaaaaaaaaaaaaaaaaaaaaaaaaaaaaaaaaaa         100   5.2359877817164997E-016   1.8986654316445339E-154
 saaaaaaaaaaaaaaaaaaaaaaaaaaaaaaaaaaaaaaaaa         100   5.2359877818712190E-016   7.6085711401510073E-154
 saaaaaaaaaaaaaaaaaaaaaaaaaaaaaaaaaaaaaaaaa         100   5.2359877820264096E-016   2.7988926656476975E-153
 saaaaaaaaaaaaaaaaaaaaaaaaaaaaaaaaaaaaaaaaa         100   5.2359877821820598E-016   9.5601984389264130E-153
 saaaaaaaaaaaaaaaaaaaaaaaaaaaaaaaaaaaaaaaaa         100   5.2359877823381616E-016   3.0599127691195068E-152
 saaaaaaaaaaaaaaaaaaaaaaaaaaaaaaaaaaaaaaaaa         100   5.2359877824947041E-016   9.2456805550301121E-152
 saaaaaaaaaaaaaaaaaaaaaaaaaaaaaaaaaaaaaaaaa         100   5.2359877826516795E-016   2.6535422552655674E-151
 saaaaaaaaaaaaaaaaaaaaaaaaaaaaaaaaaaaaaaaaa         100   5.2359877828090780E-016   7.2712705484357352E-151
 saaaaaaaaaaaaaaaaaaaaaaaaaaaaaaaaaaaaaaaaa         100   5.2359877829668916E-016   1.9107041823992984E-150
 saaaaaaaaaaaaaaaaaaaaaaaaaaaaaaaaaaaaaaaaa         100   5.2359877831251134E-016   4.8328864490305642E-150
 saaaaaaaaaaaaaaaaaaaaaaaaaaaaaaaaaaaaaaaaa         100   5.2359877832837366E-016   1.1804872657144612E-149
 saaaaaaaaaaaaaaaaaaaaaaaaaaaaaaaaaaaaaaaaa         100   5.2359877834427522E-016   2.7924718406041937E-149
 saaaaaaaaaaaaaaaaaaaaaaaaaaaaaaaaaaaaaaaaa         100   5.2359877836021563E-016   6.4131362630936810E-149
 saaaaaaaaaaaaaaaaaaaaaaaaaaaaaaaaaaaaaaaaa         100   5.2359877837619401E-016   1.4330522638401005E-148
 saaaaaaaaaaaaaaaaaaaaaaaaaaaaaaaaaaaaaaaaa         100   5.2359877839220996E-016   3.1218563611176535E-148
 saaaaaaaaaaaaaaaaaaaaaaaaaaaaaaaaaaaaaaaaa         100   5.2359877840826288E-016   6.6417408012879270E-148
 saaaaaaaaaaaaaaaaaaaaaaaaaaaaaaaaaaaaaaaaa         100   5.2359877842435210E-016   1.3821335494874849E-147
 saaaaaaaaaaaaaaaaaaaaaaaaaaaaaaaaaaaaaaaaa         100   5.2359877844047720E-016   2.8172856257709265E-147
 saaaaaaaaaaaaaaaaaaaaaaaaaaaaaaaaaaaaaaaaa         100   5.2359877845663771E-016   5.6322222397253845E-147
 saaaaaaaaaaaaaaaaaaaaaaaaaaaaaaaaaaaaaaaaa         100   5.2359877847283312E-016   1.1056072395311603E-146
 saaaaaaaaaaaaaaaaaaaaaaaaaaaaaaaaaaaaaaaaa         100   5.2359877848906295E-016   2.1333073500523427E-146
 saaaaaaaaaaaaaaaaaaaaaaaaaaaaaaaaaaaaaaaaa         100   5.2359877850532689E-016   4.0500197190425774E-146
 saaaaaaaaaaaaaaaaaaaaaaaaaaaaaaaaaaaaaaaaa         100   5.2359877852162436E-016   7.5717558352689915E-146
 saaaaaaaaaaaaaaaaaaaaaaaaaaaaaaaaaaaaaaaaa         100   5.2359877853795517E-016   1.3951638702180888E-145
 saaaaaaaaaaaaaaaaaaaaaaaaaaaaaaaaaaaaaaaaa         100   5.2359877855431871E-016   2.5355287063453257E-145
 saaaaaaaaaaaaaaaaaaaaaaaaaaaaaaaaaaaaaaaaa         100   5.2359877857071478E-016   4.5480696144935805E-145
 saaaaaaaaaaaaaaaaaaaaaaaaaaaaaaaaaaaaaaaaa         100   5.2359877858714301E-016   8.0571059488043351E-145
 saaaaaaaaaaaaaaaaaaaaaaaaaaaaaaaaaaaaaaaaa         100   5.2359877860360299E-016   1.4105300693469118E-144
 saaaaaaaaaaaaaaaaaaaaaaaaaaaaaaaaaaaaaaaaa         100   5.2359877862009442E-016   2.4416114321251640E-144

+.Time: 00:30:00 ..................................................................................+
|   :........DMA IGNORED                                                                           |
|   :........Reading in background particles                                                       |
CS SA:    3.370E-03
| ACID C:    2.078E+05 [1/cm3]    sum(An)/A1 5.425E-03 []                                          |
| Temp:      2.707E+02 [K]        Pressure:  9.911E+04 [Pa]     Air_conc 2.652E+19 [1/cm3]         |
| NH3 C:     5.304E+07 [1/cm3]    J_NH3: 1.338E-05 [1/cm3]      sum(Nn)/N1 5.582E-05 []            |
| DMA C:     0.000E+00 [1/cm3]    J_DMA: 0.000E+00 [1/cm3]                                         |
| Jion neutr 5.548E-06 [1/s/cm3]  Jion neg: 1.582E-06 [1/s/cm3] Jion pos: 6.251E-06 [1/s/cm3]      |
| C-sink:    2.514E-12 [1/s]      IPR: 3.000E+00 [1/s/cm3]                                         |
| Elapsed time (m:s) 0:08 Est. time to finish (m:s) 6:18        Realtime/Modeltime: 223.59         |
+..................................................................................................+
 saaaaaaaaaaaaaaaaaaaaaaaaaaaaaaaaaaaaaaaaa         100   5.2359877890728268E-016   2.6895444961215361E-157
 saaaaaaaaaaaaaaaaaaaaaaaaaaaaaaaaaaaaaaaaa         100   5.2359877891977982E-016   6.4261802293817766E-156
 saaaaaaaaaaaaaaaaaaaaaaaaaaaaaaaaaaaaaaaaa         100   5.2359877893244981E-016   8.0043696104789531E-155
 saaaaaaaaaaaaaaaaaaaaaaaaaaaaaaaaaaaaaaaaa         100   5.2359877894528596E-016   6.9189119861369141E-154
 saaaaaaaaaaaaaaaaaaaaaaaaaaaaaaaaaaaaaaaaa         100   5.2359877895828195E-016   4.6621655283991063E-153
 saaaaaaaaaaaaaaaaaaaaaaaaaaaaaaaaaaaaaaaaa         100   5.2359877897143197E-016   2.6085707693787737E-152

+.Time: 00:35:00 ..................................................................................+
|   :........DMA IGNORED                                                                           |
CS SA:    3.371E-03
 saaaaaaaaaaaaaaaaaaaaaaaaaaaaaaaaaaaaaaaaa         100   5.2359877898473039E-016   1.2608122705335666E-151
| ACID C:    1.906E+05 [1/cm3]    sum(An)/A1 5.071E-03 []                                          |
| Temp:      2.706E+02 [K]        Pressure:  9.911E+04 [Pa]     Air_conc 2.652E+19 [1/cm3]         |
| NH3 C:     5.305E+07 [1/cm3]    J_NH3: 1.549E-05 [1/cm3]      sum(Nn)/N1 4.426E-05 []            |
| DMA C:     0.000E+00 [1/cm3]    J_DMA: 0.000E+00 [1/cm3]                                         |
| Jion neutr 7.207E-06 [1/s/cm3]  Jion neg: 1.836E-06 [1/s/cm3] Jion pos: 6.443E-06 [1/s/cm3]      |
| C-sink:    2.625E-03 [1/s]      IPR: 3.000E+00 [1/s/cm3]                                         |
| Elapsed time (m:s) 0:10 Est. time to finish (m:s) 6:47        Realtime/Modeltime: 206.94         |
+..................................................................................................+
 saaaaaaaaaaaaaaaaaaaaaaaaaaaaaaaaaaaaaaaaa         100   5.2359877899817218E-016   5.4080694504146101E-151
 saaaaaaaaaaaaaaaaaaaaaaaaaaaaaaaaaaaaaaaaa         100   5.2359877901175242E-016   2.0991508224470839E-150
 saaaaaaaaaaaaaaaaaaaaaaaaaaaaaaaaaaaaaaaaa         100   5.2359877902546657E-016   7.4823055634028632E-150
 saaaaaaaaaaaaaaaaaaaaaaaaaaaaaaaaaaaaaaaaa         100   5.2359877903931019E-016   2.4773193988122784E-149
 saaaaaaaaaaaaaaaaaaaaaaaaaaaaaaaaaaaaaaaaa         100   5.2359877905327934E-016   7.6885226258643063E-149
 saaaaaaaaaaaaaaaaaaaaaaaaaaaaaaaaaaaaaaaaa         100   5.2359877906736997E-016   2.2534099870954727E-148
 saaaaaaaaaaaaaaaaaaaaaaaaaaaaaaaaaaaaaaaaa         100   5.2359877908157874E-016   6.2753747253165975E-148
 saaaaaaaaaaaaaaaaaaaaaaaaaaaaaaaaaaaaaaaaa         100   5.2359877909590189E-016   1.6690811200879575E-147
 saaaaaaaaaaaaaaaaaaaaaaaaaaaaaaaaaaaaaaaaa         100   5.2359877911033637E-016   4.2584521943913056E-147
 saaaaaaaaaaaaaaaaaaaaaaaaaaaaaaaaaaaaaaaaa         100   5.2359877912487912E-016   1.0461416792336221E-146
 saaaaaaaaaaaaaaaaaaaaaaaaaaaaaaaaaaaaaaaaa         100   5.2359877913952698E-016   2.4825734185511155E-146
 saaaaaaaaaaaaaaaaaaaaaaaaaaaaaaaaaaaaaaaaa         100   5.2359877915427740E-016   5.7070911168797863E-146
 saaaaaaaaaaaaaaaaaaaaaaaaaaaaaaaaaaaaaaaaa         100   5.2359877916912771E-016   1.2741107986405191E-145
 saaaaaaaaaaaaaaaaaaaaaaaaaaaaaaaaaaaaaaaaa         100   5.2359877918407534E-016   2.7684222083712050E-145
 saaaaaaaaaaaaaaaaaaaaaaaaaaaaaaaaaaaaaaaaa         100   5.2359877919911793E-016   5.8659323938313052E-145
 saaaaaaaaaaaaaaaaaaaaaaaaaaaaaaaaaaaaaaaaa         100   5.2359877921425331E-016   1.2141651018520610E-144
 saaaaaaaaaaaaaaaaaaaaaaaaaaaaaaaaaaaaaaaaa         100   5.2359877922947912E-016   2.4588556772056021E-144
 saaaaaaaaaaaaaaaaaaaaaaaaaaaaaaaaaaaaaaaaa         100   5.2359877924479347E-016   4.8788157740820368E-144
 saaaaaaaaaaaaaaaaaaaaaaaaaaaaaaaaaaaaaaaaa         100   5.2359877926019440E-016   9.4967500201895596E-144
 saaaaaaaaaaaaaaaaaaaaaaaaaaaaaaaaaaaaaaaaa         100   5.2359877927568004E-016   1.8155863966481294E-143
 saaaaaaaaaaaaaaaaaaaaaaaaaaaaaaaaaaaaaaaaa         100   5.2359877929124860E-016   3.4126951179037282E-143
 saaaaaaaaaaaaaaaaaaaaaaaaaaaaaaaaaaaaaaaaa         100   5.2359877930689832E-016   6.3129818333141393E-143
 saaaaaaaaaaaaaaaaaaaaaaaaaaaaaaaaaaaaaaaaa         100   5.2359877932262761E-016   1.1502993478251648E-142
 saaaaaaaaaaaaaaaaaaaaaaaaaaaaaaaaaaaaaaaaa         100   5.2359877933843491E-016   2.0662276786747463E-142
 saaaaaaaaaaaaaaaaaaaaaaaaaaaaaaaaaaaaaaaaa         100   5.2359877935431882E-016   3.6615108102287433E-142
 saaaaaaaaaaaaaaaaaaaaaaaaaaaaaaaaaaaaaaaaa         100   5.2359877937027787E-016   6.4055480135125619E-142
 saaaaaaaaaaaaaaaaaaaaaaaaaaaaaaaaaaaaaaaaa         100   5.2359877938631068E-016   1.1069874395518901E-141
 saaaaaaaaaaaaaaaaaaaaaaaaaaaaaaaaaaaaaaaaa         100   5.2359877940241596E-016   1.8909322116884465E-141
 saaaaaaaaaaaaaaaaaaaaaaaaaaaaaaaaaaaaaaaaa         100   5.2359877941859244E-016   3.1944367355035393E-141

+.Time: 00:40:00 ..................................................................................+
|   :........DMA IGNORED                                                                           |
|   :........Reading in background particles                                                       |
CS SA:    3.654E-03
| ACID C:    1.735E+05 [1/cm3]    sum(An)/A1 2.923E-03 []                                          |
| Temp:      2.706E+02 [K]        Pressure:  9.911E+04 [Pa]     Air_conc 2.653E+19 [1/cm3]         |
| NH3 C:     5.306E+07 [1/cm3]    J_NH3: 9.141E-06 [1/cm3]      sum(Nn)/N1 2.710E-05 []            |
| DMA C:     0.000E+00 [1/cm3]    J_DMA: 0.000E+00 [1/cm3]                                         |
| Jion neutr 5.270E-06 [1/s/cm3]  Jion neg: 1.003E-06 [1/s/cm3] Jion pos: 2.869E-06 [1/s/cm3]      |
| C-sink:    5.249E-03 [1/s]      IPR: 3.000E+00 [1/s/cm3]                                         |
| Elapsed time (m:s) 0:11 Est. time to finish (m:s) 6:37        Realtime/Modeltime: 211.22         |
+..................................................................................................+
 saaaaaaaaaaaaaaaaaaaaaaaaaaaaaaaaaaaaaaaaa         100   5.2359877975182583E-016   9.2164484447095015E-155
 saaaaaaaaaaaaaaaaaaaaaaaaaaaaaaaaaaaaaaaaa         100   5.2359877976022956E-016   2.1433643109798945E-153
 saaaaaaaaaaaaaaaaaaaaaaaaaaaaaaaaaaaaaaaaa         100   5.2359877976898178E-016   2.5996564582104711E-152
 saaaaaaaaaaaaaaaaaaaaaaaaaaaaaaaaaaaaaaaaa         100   5.2359877977806719E-016   2.1890287145846999E-151
 saaaaaaaaaaaaaaaaaaaaaaaaaaaaaaaaaaaaaaaaa         100   5.2359877978747120E-016   1.4374659085742937E-150
 saaaaaaaaaaaaaaaaaaaaaaaaaaaaaaaaaaaaaaaaa         100   5.2359877979718060E-016   7.8410274979888507E-150

+.Time: 00:45:00 ..................................................................................+
|   :........DMA IGNORED                                                                           |
CS SA:    3.656E-03
 saaaaaaaaaaaaaaaaaaaaaaaaaaaaaaaaaaaaaaaaa         100   5.2359877980718257E-016   3.6960596313244439E-149
| ACID C:    1.563E+05 [1/cm3]    sum(An)/A1 1.517E-03 []                                          |
| Temp:      2.707E+02 [K]        Pressure:  9.911E+04 [Pa]     Air_conc 2.652E+19 [1/cm3]         |
| NH3 C:     5.304E+07 [1/cm3]    J_NH3: 4.259E-06 [1/cm3]      sum(Nn)/N1 1.973E-05 []            |
| DMA C:     0.000E+00 [1/cm3]    J_DMA: 0.000E+00 [1/cm3]                                         |
| Jion neutr 3.000E-06 [1/s/cm3]  Jion neg: 3.890E-07 [1/s/cm3] Jion pos: 8.700E-07 [1/s/cm3]      |
| C-sink:    5.300E-03 [1/s]      IPR: 3.000E+00 [1/s/cm3]                                         |
| Elapsed time (m:s) 0:13 Est. time to finish (m:s) 7:04        Realtime/Modeltime: 197.35         |
+..................................................................................................+
 saaaaaaaaaaaaaaaaaaaaaaaaaaaaaaaaaaaaaaaaa         100   5.2359877981746556E-016   1.5466804514226702E-148
 saaaaaaaaaaaaaaaaaaaaaaaaaaaaaaaaaaaaaaaaa         100   5.2359877982801855E-016   5.8589221131039313E-148
 saaaaaaaaaaaaaaaaaaaaaaaaaaaaaaaaaaaaaaaaa         100   5.2359877983883127E-016   2.0387591288407700E-147
 saaaaaaaaaaaaaaaaaaaaaaaaaaaaaaaaaaaaaaaaa         100   5.2359877984989386E-016   6.5918088719809094E-147
 saaaaaaaaaaaaaaaaaaaaaaaaaaaaaaaaaaaaaaaaa         100   5.2359877986119755E-016   1.9984290395257197E-146
 saaaaaaaaaaaaaaaaaaaaaaaaaaaaaaaaaaaaaaaaa         100   5.2359877987273355E-016   5.7231623802532312E-146
 saaaaaaaaaaaaaaaaaaaaaaaaaaaaaaaaaaaaaaaaa         100   5.2359877988449379E-016   1.5577875858829112E-145
 saaaaaaaaaaaaaaaaaaaaaaaaaaaaaaaaaaaaaaaaa         100   5.2359877989647077E-016   4.0507703583310057E-145
 saaaaaaaaaaaaaaaaaaaaaaaaaaaaaaaaaaaaaaaaa         100   5.2359877990865729E-016   1.0106920029999001E-144
 saaaaaaaaaaaaaaaaaaaaaaaaaaaaaaaaaaaaaaaaa         100   5.2359877992104655E-016   2.4287135489564339E-144
 saaaaaaaaaaaaaaaaaaaaaaaaaaaaaaaaaaaaaaaaa         100   5.2359877993363214E-016   5.6391710405585766E-144
 saaaaaaaaaaaaaaaaaaaaaaaaaaaaaaaaaaaaaaaaa         100   5.2359877994640784E-016   1.2687058713357894E-143
 saaaaaaaaaaaaaaaaaaaaaaaaaaaaaaaaaaaaaaaaa         100   5.2359877995936813E-016   2.7726115168276353E-143
 saaaaaaaaaaaaaaaaaaaaaaaaaaaaaaaaaaaaaaaaa         100   5.2359877997250740E-016   5.8986116400090420E-143
 saaaaaaaaaaaaaaaaaaaaaaaaaaaaaaaaaaaaaaaaa         100   5.2359877998582041E-016   1.2240173070484610E-142
 saaaaaaaaaaaaaaaaaaaaaaaaaaaaaaaaaaaaaaaaa         100   5.2359877999930234E-016   2.4817393790676411E-142
 saaaaaaaaaaaaaaaaaaaaaaaaaaaaaaaaaaaaaaaaa         100   5.2359878001294845E-016   4.9241573723790538E-142
 saaaaaaaaaaaaaaaaaaaaaaaaaaaaaaaaaaaaaaaaa         100   5.2359878002675431E-016   9.5746755550743901E-142
 saaaaaaaaaaaaaaaaaaaaaaaaaaaaaaaaaaaaaaaaa         100   5.2359878004071567E-016   1.8267687944356315E-141
 saaaaaaaaaaaaaaaaaaaaaaaaaaaaaaaaaaaaaaaaa         100   5.2359878005482849E-016   3.4238170962329608E-141
 saaaaaaaaaaaaaaaaaaaaaaaaaaaaaaaaaaaaaaaaa         100   5.2359878006908892E-016   6.3104504801828583E-141
 saaaaaaaaaaaaaaaaaaaaaaaaaaaaaaaaaaaaaaaaa         100   5.2359878008349333E-016   1.1448510031232427E-140
 saaaaaaaaaaaaaaaaaaaaaaaaaaaaaaaaaaaaaaaaa         100   5.2359878009803815E-016   2.0462439262145752E-140
 saaaaaaaaaaaaaaaaaaaaaaaaaaaaaaaaaaaaaaaaa         100   5.2359878011272003E-016   3.6060823544224097E-140
 saaaaaaaaaaaaaaaaaaaaaaaaaaaaaaaaaaaaaaaaa         100   5.2359878012753582E-016   6.2705543215704014E-140
 saaaaaaaaaaaaaaaaaaaaaaaaaaaaaaaaaaaaaaaaa         100   5.2359878014248247E-016   1.0766280791777595E-139
 saaaaaaaaaaaaaaaaaaaaaaaaaaaaaaaaaaaaaaaaa         100   5.2359878015755701E-016   1.8263754021263560E-139
 saaaaaaaaaaaaaaaaaaaaaaaaaaaaaaaaaaaaaaaaa         100   5.2359878017275659E-016   3.0629081615377831E-139
 saaaaaaaaaaaaaaaaaaaaaaaaaaaaaaaaaaaaaaaaa         100   5.2359878018807863E-016   5.0808257466920392E-139

+.Time: 00:50:00 ..................................................................................+
|   :........DMA IGNORED                                                                           |
|   :........Reading in background particles                                                       |
CS SA:    3.702E-03
| ACID C:    1.391E+05 [1/cm3]    sum(An)/A1 9.707E-04 []                                          |
| Temp:      2.708E+02 [K]        Pressure:  9.911E+04 [Pa]     Air_conc 2.651E+19 [1/cm3]         |
| NH3 C:     5.302E+07 [1/cm3]    J_NH3: 2.074E-06 [1/cm3]      sum(Nn)/N1 1.778E-05 []            |
| DMA C:     0.000E+00 [1/cm3]    J_DMA: 0.000E+00 [1/cm3]                                         |
| Jion neutr 1.630E-06 [1/s/cm3]  Jion neg: 1.478E-07 [1/s/cm3] Jion pos: 2.953E-07 [1/s/cm3]      |
| C-sink:    5.350E-03 [1/s]      IPR: 3.000E+00 [1/s/cm3]                                         |
| Elapsed time (m:s) 0:14 Est. time to finish (m:s) 6:52        Realtime/Modeltime: 202.40         |
+..................................................................................................+
 saaaaaaaaaaaaaaaaaaaaaaaaaaaaaaaaaaaaaaaaa         100   5.2359878050340941E-016   3.7983310784040858E-159
 saaaaaaaaaaaaaaaaaaaaaaaaaaaaaaaaaaaaaaaaa         100   5.2359878050747845E-016   8.9563430356074355E-158
 saaaaaaaaaaaaaaaaaaaaaaaaaaaaaaaaaaaaaaaaa         100   5.2359878051213174E-016   1.1003416779101756E-156
 saaaaaaaaaaaaaaaaaaaaaaaaaaaaaaaaaaaaaaaaa         100   5.2359878051734049E-016   9.3768314331656092E-156
 saaaaaaaaaaaaaaaaaaaaaaaaaaaaaaaaaaaaaaaaa         100   5.2359878052307926E-016   6.2265919380410858E-155

+.Time: 00:55:00 ..................................................................................+
|   :........DMA IGNORED                                                                           |
CS SA:    3.707E-03
 saaaaaaaaaaaaaaaaaaaaaaaaaaaaaaaaaaaaaaaaa         100   5.2359878052932309E-016   3.4321271917921189E-154
| ACID C:    1.220E+05 [1/cm3]    sum(An)/A1 7.484E-04 []                                          |
| Temp:      2.710E+02 [K]        Pressure:  9.911E+04 [Pa]     Air_conc 2.649E+19 [1/cm3]         |
| NH3 C:     5.298E+07 [1/cm3]    J_NH3: 1.017E-06 [1/cm3]      sum(Nn)/N1 1.702E-05 []            |
| DMA C:     0.000E+00 [1/cm3]    J_DMA: 0.000E+00 [1/cm3]                                         |
| Jion neutr 8.485E-07 [1/s/cm3]  Jion neg: 5.614E-08 [1/s/cm3] Jion pos: 1.120E-07 [1/s/cm3]      |
| C-sink:    5.401E-03 [1/s]      IPR: 3.000E+00 [1/s/cm3]                                         |
